#create_graphs.py
# GMT Thu May 11 11:11:52 2023
# 
0 60 94
1 9 17 34 64 80 87
2 6 9 27 51 60 62 98
3 7 19 24 50 66
4 19 38 75 86
5 13 57 76 79
6 13 38 59
7 20 22 84
8 25 28 41 55 85
9 36 39 58 89
10 17 81 83 90 93
11 12 46 52 95
12 17 75
13 69 80
14 57 60 70 76
15 19 26 70
16 39 48 62 71 83 91 97
17 26 27 45 82 93
18 37 66 89
19 26
20 53 77
21 24 34 75 80 86 94
22 44 53 68 71 75 77 95
23 55 88 95
24 48 61 83
25 44
26 37 61 90 92
27 38 53 67 78
28 82 87
29 72 82
30 40 54 67
31 40 76 96
32 74
33 89
34 36
35 68 86 97
36 42 68 75
37 38 43 51
38 44 82 85
39
40 73 76 86 91 94
41 51 75
42 69 73 89
43 45 47 53 61 80
44 48 57 74 75
45
46
47 68 73 99
48 58 74 86
49 81 90
50 66 67
51
52
53 92
54 84 96 98
55 59 84
56 81 91
57
58 85
59 78 79 82 98 99
60 94
61
62 78 93
63 72
64
65 80
66
67
68
69 75 85
70 90
71 75
72
73 96
74 78 96 99
75 87
76
77 82 92
78
79 84 88 93
80
81 84 98
82 84
83 90
84 96
85 98
86
87 88
88 94
89 97
90
91
92
93 95
94 99
95
96
97
98
99
