#create_graphs.py
# GMT Thu May 11 11:11:51 2023
# 
0 7 23 26 43 92
1 4 6 29 33 37 70 86 90
2 30 61
3 6 9 14 23 29 51
4 10 45 46 64 73
5 9 66 79 84 93
6 11 14 17 26 30 39 47 88 93
7 16 57 62 67 75
8 31 34 36 37 55 61 69 74 86 87 92 98
9 13 20 27
10 19 35 97
11 61 97
12 40 44 73 78 79
13 27 35 58 64 73
14 15 17 45 52 54 57 64 73 79
15 17 64 75
16 24 67 88
17 19 21 26 49 69 86 91
18 32 37 47 97
19 27 53 56 62 86
20 26 28 32 34 42 43 53 56 72 87
21 43 59
22 44 49 53 55 97
23 43 56 74 76
24 53
25 30 41 43 47 61 92
26 70 88 95
27 34 35 38 43 44 47 55 59 75 95
28 38 41 65 72
29 33 41 43 48 53 59 76 81 99
30 66 71 86 94
31 36 78 86 91 94
32 45 57 69 82
33 40 61 73 76 81 87 96
34 37 62 98
35 42 45 58 96
36 67 69
37 46 68 70 81 87
38 50 53 58 63 70 74 77 81 84
39 68 82 83 90
40 43 66 70
41 87 88
42 52 54 84
43 61 91
44 61 67
45 47 75 80
46
47 48 49 73 83 86 87 96 99
48 92
49 73 77 80
50 70 93
51 58 68 83 90
52 53
53 98
54 96 97
55 92
56 64 82 92
57 90 95
58 83
59 86
60 76 77
61
62 85 96
63
64 66 71 95
65 75 86 90 97
66 68 92 98
67 71
68 93 96
69 70 84 86 96
70 76 83 89
71 83 88 92
72 84
73 91
74 87
75 88 89
76 78 79 80
77
78
79 97
80
81
82 91 92
83 89
84 85 97
85
86 96
87
88
89 90
90 92 96 98
91
92
93 99
94
95
96
97
98
99
