#create_graphs.py
# GMT Thu May 11 11:11:52 2023
# 
0 22 57 63
1 30 36 59 89 93
2 16 61 75 89 99
3 13 43 51 73
4 48 71 78 79 86 92
5 16 21 83
6 7 21 30 39 42 86
7 15 30 54 64
8 22 51 52 57 86
9 16 48 83
10 13 19 23 60 71 86
11 12 32 37 43 58 68
12 14 61 91
13 26 47 57
14 31 85
15 24 66 82 96
16 27 40 47 48 53 54 58 74
17 60 67 81 83 95
18 62 65 88
19 24 37 42 72 81
20 80
21 51
22 56 67 79 88 97
23 26 33 50 70
24 63 76
25 27 61 64 68 90 98
26 62 84
27 40 61
28 55 59
29 36 51 67 80
30 47 71
31 78 97
32 49 55 61 62
33 45 57
34 67
35 46 55 89
36 50 73 74 75 77 98
37 45 56 87
38 55 66 77 98
39 83 92
40 45 47 55
41 42 47 56 65 86
42 62 65
43 52 66 75 79
44 58 82
45 60
46
47 64 67 75 80 81 92
48 53 57 76 81
49 79 84
50 53 55 60 72
51 61 74 75 79 95
52 71 73 98
53 71
54 68 80 89 94
55 68 88
56
57 64 95
58 72
59 78 99
60 80 89
61
62 66 75 92
63 75 91 92 95 98
64 79
65
66 69
67 70 94
68 81
69
70
71
72 77 85 89 97
73 83 90 94
74 79
75 85
76 96
77 80
78
79 82 88
80 83
81 84
82
83
84 92
85 95
86
87
88 96 97
89
90 93
91 92 96
92
93 98
94 96 98
95
96
97
98
99
