#create_graphs.py
# GMT Thu May 11 11:11:52 2023
# 
0 18 61
1 20 26 30 56 80
2 31 44 52 74
3 13 32 43 60
4 6 8 15 42 54 56 63 87 94
5 13 40 50 57
6 32 37 99
7 92
8 36 39 44 53 57
9 26 28 34 38 47 56 61 86
10 15 18 30 46 51 72 79
11 17 42 69 94
12 16 32 51 64 86 94
13 55 75 80
14 20 31 34 39 62 81
15 41 89
16 18 37 46 79
17 28 35 62 73 88
18 60 74 94
19 33 90
20 29 49 65
21 28 36 46 52 59 91
22 26 43 74
23 70 75 99
24 27 73 78 82 86
25 41 44 71 92
26 83 85 86
27 34 74
28 31 37
29 37 94 99
30 38 39 40 45 73 98
31 32 35 38 39 41 44 58 75 87
32 47 84 96
33 63 70 75 83 90 97
34
35 39 40 44 60 62 68 72
36 68 72
37 43 47 52 98
38 74 81 95
39 47 80
40 46 47
41 42 59 62 84 97
42 49 85
43 50
44 47 50 59 77 79
45 69 99
46 60 74 86
47 74 88
48 83 94
49 64 77 78 83
50 52 85
51 80 99
52 54 59
53 68
54 62 68
55 58 76 85 90
56 88
57 60 75 76
58 70 87 92
59 60 63 64 97
60 77 79 88
61 72
62 90
63 64 77 78
64 79 83
65 76 84
66 74 77 93
67 68 94 96
68
69 90
70
71 91 93
72 80 81 82
73
74
75
76 80
77 78 97
78 96
79 86
80
81 98
82 95
83
84 91 95
85 86 91 98
86
87
88
89 93
90
91 96
92
93 97 99
94 97
95 96
96
97
98
99
