#create_graphs.py
# GMT Thu May 11 11:11:52 2023
# 
0 5 11 30 37 92 93
1 5 17 38 49 95
2 33 50 77 95
3 9 22 46 58 95
4 50 85 91
5 8 36 40 50 83
6 54 81
7 11 16 27 32 41 79 96
8 26 54 91 95
9 22 49 53
10 60
11 47 65 85 89 94 96
12 14 26 52 62 97
13 57 66 79 97 99
14 19 44 56 64
15 40 50 57 63 92
16 18 30 42 57 62 98
17 36 50 74 84
18 45 55 78 85
19 44 76 95 99
20 51 99
21 31 36 78
22 67 81
23 38 69
24 73 79 80
25 41 53 61 95
26 33 77 86 91 95
27 42 94
28 44 72 81 90
29 37 50 77
30 43 55 68 73 75 97
31 60
32 35 79 85
33 73
34 41 74
35 45 66 76 79 89 98
36 46 63 99
37 46 53 81 86 94
38 49 68 96
39 53 81 97
40
41 53
42 69
43
44 61 67 69 70 94
45 57 84 91
46 67 77 85 95
47
48 52 54
49 62 71 78
50 70 76 84 94
51 79
52 66 97
53 98
54 57 81
55 57 95
56 58 67
57 59 62 81 84 86 89
58 66 79
59 66 68 76
60 65
61 62 67 72 81 96
62
63 75 87
64 67 85 91
65 73 88
66 68 99
67 85
68 75 89 96
69 72 76 90
70 71 77 84 87
71 91 93
72 78 96
73 95
74
75 82 83
76
77
78
79
80 96
81
82 87
83
84 96
85
86
87
88 91
89
90 93
91
92
93
94 96
95
96
97
98
99
