#create_graphs.py
# GMT Thu May 11 11:11:52 2023
# 
0 21 29 78 84
1 7 21 46 77 82
2 55 63 68 78 84 91
3 37 68 74 82
4 26 36 69 72 82 97
5 32 37 53 55 71
6 9 26 28 29 41 66 80 81 95
7 39 57 63 80
8 22 25 36 46 60 64 81 88 96
9 65 74
10 68 85 98
11 45 73 74 82 95
12 34 46 66 71 88 89 98
13 49 53 54 68 75 80 87 94
14 26 63 79 99
15 17 27 57 68 78 94
16 28 41 52 74 83 89 94
17 21 24 30 38 49 52 62 74 98
18 22 27 28 63 65 84 96
19 21 24 36 83
20 59 61 78 81 86 91
21 28 35 39 43 71 88 89
22 46 48 70 74
23 24 51 67 79
24 48
25 51 52 59 70 73 82
26 46 48 66 75 80
27 30 61 82
28 34 50
29 39 73 85
30 51
31 33 38 41 46 68 69
32 90 94
33 81 88
34 36 39 70
35 72 80 91 97
36 41 63 64 89
37 64 75 81 93
38 51 87
39 63 64 95
40 44 68 93 97
41 54 86
42 45 47
43 58 59 61
44 61 74 93 99
45 47 58 82
46 52 70 74 98
47 51 73 77
48 62 65 66 71 77 89 92
49 60
50 53 68 70 72 89 91
51 71 89
52 60 65 77
53 82
54 66 75 86
55 59 74 82 89
56 89
57 59 73
58 75 82
59 69
60
61 68 80
62 69
63 64 70
64 84 92 99
65 76 78 90
66
67 69 70 83 86 97 99
68 70 75 84
69 71 92 94
70
71 94
72
73
74 89 95
75 78
76 78 80
77 88 90 99
78 80
79 80 88
80 84 92
81 90
82
83 88 94
84 90
85 91 93 97
86
87 89
88
89
90 97
91
92 93 95
93
94
95
96
97
98 99
99
