#create_graphs.py
# GMT Thu May 11 11:11:51 2023
# 
0 98
1 10 65 85
2 13 18 29 31 51 52
3 9 26
4 5 27 28 49 82 87
5 11 12 26 72 76 90
6 31 59 74
7 64 97
8 18 25 82
9 91 98
10 15 19 45 66 68
11 13 22 39 56 58 66 75 78 91
12 18 83 99
13
14 34 45 88 95
15 30 33 55 69 93
16 28 35 44 71
17 32 66 70 78 79 98
18 22 48
19 39 54 73 91
20 21 40 68 75 80 86
21 41 62 63 82
22
23 36 63 90
24 47 76 78 86
25 31 94
26 40
27 46 73 96 97
28 73 84 94 98
29 31 46 55 93
30 72 73 74 76 91
31 83 92
32 92
33 34 39 54 98
34 60 70 72 98
35
36
37 48 57 60
38 58 62 66
39 51 69 71 73 81
40 50 70 82
41 57 92
42 53
43 94
44 93
45
46
47 80
48 50 59 62 74 88
49
50
51 65 75
52 78 80
53 76 87
54 75
55 71
56 73 81 93
57 66 83 91
58 77 79 80 90
59 75
60
61 87
62 65
63 75 88
64 76
65 67 69 95
66 69 71 80 91
67 94 98
68 90 91 94
69
70 86
71 79
72 85 89 94
73 98
74 85 88 91
75
76 91
77 81 85 92
78
79
80
81 91 97 98
82
83 85
84
85
86
87
88
89 96
90 96 98
91
92
93
94
95
96
97
98
99
