#create_graphs.py
# GMT Thu May 11 11:11:52 2023
# 
0 12 53 60
1 27 29 34 61
2 18 25 37 40 53 97
3 5 25 60 73 85 88 99
4 29 65 78 96
5 41 58 75 86 89
6 34 71
7 22 41 57
8 13 19 31 35 37 46 55 56 63 65
9 18 38 52 75 85 89 97
10 27 31 71 76
11 19 23 89 95
12 14 66 81 91
13 28 32 46 59 65 67 70 91 93
14 18 20 28 40
15 43 47 78 88
16 61 75 84
17 18 39 55 69 86
18 21 24 46 84 95
19 43 69 76 84
20 45 51 63 64 78 80 88 90
21 31 40 60 90 96
22 29 52 62 69 71 72 88 94
23 24 29 35 50 53 55 59 63 82 83
24 34 65 73 83 86 97
25 29 59 61 74 78 79 88 90 96
26 36 51 74 90
27 33 66 69 78 89
28 39 78 93 95 99
29 32 35 56 60 84 97
30 33 63 66 73 85 95
31 41 78 87
32 36 74 84
33 45 66 73 84 92 97 98
34 40 42 44 46 58 62
35 53 77
36 55 89
37 49 70
38 62 81 84
39 66 72
40 48 83 91
41 48 51 97
42 43 47 83 91
43 59 66 92
44 73
45 79 89
46 67 69 71 75 92
47 91
48 57 65 81
49 56
50 53 73 97 99
51 73 90
52 86 96
53 57 83 84
54 94
55 69
56 66 89
57 96
58 63 77 94
59 79
60
61
62 96
63 68 81 86
64 68 79 89
65 87 90 96 97
66 88
67 72 78 79 94
68 81 90 96
69
70 71
71 82 88 89
72 91
73 79 82
74 95
75 85 90
76 84 93
77 92
78 81 87 90 91 99
79 84 87
80 94
81
82
83
84 85
85 92
86 93 95
87 95
88 97
89 92 94
90
91
92
93
94 97
95
96
97
98
99
