#create_graphs.py
# GMT Thu May 11 11:11:52 2023
# 
0 41 69 70 80 90
1 5 12 29 96
2 20 51 98
3 29 32 42 49 57 78
4 14 17 35
5 12 49
6 37 38 42 57 66 80
7 57 58 60 89
8 15 55 86
9 26 36 39 68 78 90
10 20 23 29 57 70 79
11 30 79 90 94 95
12 73
13 26 45 63
14 28 56 71 81
15 32 43 47
16 18 88 89 92
17 75 88
18 40 43 87 99
19 29 51 62 64 93
20 22 25 40 43 64 79 80 91 94
21 89
22 28 54 87
23 52 66 67 89
24 71 86 95
25 26 58
26 29 34 69 86 87
27 64 80 85
28 29 54 57 62
29 76 86 96
30 47 63 78 87 90 97
31 48 55 62 73 86 92
32
33 48 70 88 94
34 36 39 49 53 75 79 84 89 97
35 40 58 75
36 39 40 86 88 96
37 46
38 49 54 67
39 62 63 73 97
40 61 75 86 87 99
41 72 79 81 82
42 50 57 62 99
43 57
44 48 79
45 57 67 98
46 50 57 79 90
47 51 56 65 71
48 49 56 82
49 61 91 93
50 52 65 67 91
51 78 91 92
52 61 80 95
53 67 80 89 97
54
55 62 75 83
56 63 66 70 81
57
58 73 86
59 79
60 69 82
61
62 88
63 79 83
64 75 92
65 80 94
66 70
67 72 78 85
68 76 85 86 97
69
70 78 91
71
72 78 96 97
73 99
74 75
75 78 81 95
76 99
77 94
78 94 96
79 88
80 97
81
82 91 99
83 85 94
84 88 89
85 90
86 91 93
87
88 90 93 94
89
90
91
92 96 99
93
94
95
96
97
98
99
