#create_graphs.py
# GMT Thu May 11 11:11:52 2023
# 
0 4 20 21 40 54 57 60 66 76 93
1 13 16 43 70 74
2 16 44 49
3 4 22 50 99
4 5 8 10 19 37 40 41 52 55 91
5 16 33 45 49 65
6 14 15 50 54 66 84
7 26 42 74 82 98
8 23 24 28 48 65
9 30 31 50 67
10 12 13 45
11 12 43 48 62 66 77 83
12 30 58 65
13 18 72
14 28 37 77 94
15 38 47 48 56 63 71 91 95
16 30 68 79 82
17 18 24 39 50 56 68
18 31 49 58 89 98
19 24
20 40 53 61 71 74 85 93
21 44 65 75 77
22 24 43 51 95
23 32 68
24 81
25 47 60 63 84
26 63 74 77 86 94
27 42 97
28 51 79 85 88
29 75 85
30 33 54 55 73 78 80
31 38 68 69 88 96
32 41 48 54 62 97
33 57 70 73 76 81 87
34 39 58 78
35 70 76 77
36 61 73 76 93 96
37 42 48 53 77 82 85 89 90 93
38 39 67 99
39 54 67 70 72 76
40 42 58 68
41 43 44 53
42 49 56 79 87
43 47 61 69 80
44 49 56 69
45 63 65 88 99
46 66 71 92
47 81
48 58 59 80 82 89
49 64 69 95 97
50 51 54 81
51 84
52 61 63 70
53 54 79 82 98
54 72 73 95
55 65 81
56 98
57 58 86
58 59 78
59 60 70
60 64 65 80 90 93
61 90
62 79
63 76 91 98
64 69 96
65 68 75 89
66 69 79 85
67 68 82
68 84
69 95 97
70 85 91
71
72 95 96
73 93
74 94
75 92 93
76 95
77
78 81 83
79 88 99
80 84 86
81 88 92
82
83
84 97
85 86 97
86
87
88
89 91
90 93
91
92
93
94 98
95
96
97
98
99
