#create_graphs.py
# GMT Thu May 11 11:11:52 2023
# 
0 79 83 149 169 196
1 20 28 33 119 134 136 141
2 191
3 13 22 113 115 142 185 190
4 14 39 46 66 84 112 128 156 162 169
5 17 135 155
6 69 179
7 23 63 105 156 171 176
8 18 22 44 123 189
9 48 58 164
10 45 105 125 150
11 38 46 50 52 90 116 123
12 25 31 53 55 103
13 24 53 66 82
14 34 64 76 94 111 146 161 178
15 20 26 49 88 125 130 146 161 188 189 194
16 36 42 102 103 126 148 173 188
17 19 183
18 76 141 155 187 191
19 24 33 83 130 135 147 180 196
20 27 68 89 108 109 116 117 158 170
21 23 109 118 130 174 188
22 23 65 68 70 115 124 184
23 54 70 77 91 121 127 140 154 178 186
24 135 191
25 92
26 117 122 123 131 138
27 139
28 42 73 82 96 122 147 157 197
29 95 166 175
30 56 57 59 70 82 93 108 114
31 35 39 84 124 162 165
32 124 156 167 197
33 43 66 96 135 173 192
34 49 138 143 145 157 164 183 195
35 53 56 148 156
36 52 81 120 150
37 89 171
38 76 88 89 110 113 159 174 183
39 48 58 74 82 185
40 73
41 48 120 129 138 164 178 188
42 46 95 133 156 171 172
43 133 172 181
44 79 167
45 53 61 128
46 134
47 185
48 54 165
49 83 96 112 156 159
50 53 89 126
51 77 100 104 137 199
52 137 175
53 145 179 180
54 70 112 140 157
55 120 138 177
56 71 93 112 126 174 187 190
57 94 125
58 72 108
59 71 99 115 187
60 96 143 171 178
61 62 86 90 103
62 103 188
63 64 79 106 170
64 112 127 180
65 67 71 111 120 179 196
66 85 125 183 189
67 81 137 139 145
68 78 87 151 166 167
69 118 122 183 184
70 83 103 134 140
71 121 131 181 197
72 87 92 159 172
73 96 113
74 113
75 115 131 150 158 162 176 189
76 80 162 176
77 92 135 195
78 89 148 150
79 146 157 194 197
80 91 156 169 189 195 198
81 92 178
82 90 156 184
83 122 149 159 183
84 129 198
85 99 102 122 160 162
86 158 164
87 173
88 193
89 144 174 176 180
90 134 137 189
91 107 114 129 144 145
92 103 123 152 160 172 189
93 120 126 146 148 179 195
94 139 172 184
95 140 164 175
96
97 106 111 130 148 155
98 130 143 145 170 175
99 103 148 186 191
100 165 176
101 125
102 175
103 126 160 188
104 128 157 180
105 120 121 187 189
106 154 183
107 124 149 154 157 167 171
108 115 121 177
109 141 146 155 159 168 175
110 143 146
111 116 138
112 159
113 130 171
114 121 135 178
115 122 126 195
116 124 144 163 164 165 171
117 131
118 168 169 171
119
120 144 172 180
121 174 193
122 131 183 189
123 134 139 192
124 170
125 126 147 159 164
126 128 129 161 190
127
128 153 171
129 170 187
130 167
131 138 164 175 181
132 143 182 199
133 142 144 146
134 142 186 198
135 177
136 191 195
137 178
138 181
139 141 149 190
140 142 198
141
142 155
143 144 192
144 154 186 195
145 162
146 152 153
147 198
148 159 163 169
149 176
150 182
151
152 164
153 163
154 165
155 181
156
157
158 161 165 173
159 169
160 195
161 162 188
162 197
163 165 185
164
165 167
166
167
168
169 181
170
171 183
172 183 185
173
174 179 199
175
176
177
178 196
179 185
180
181
182 184 199
183
184 189
185
186
187
188
189
190
191
192
193
194 199
195
196
197
198
199
