#create_graphs.py
# GMT Thu May 11 11:11:52 2023
# 
0 31 45 50 54 56 64 72 112 128 144 151 154
1 36 118 157 199
2 24 103 175
3 4 19 48 53 59 97 127 150 165
4 26 52 124 150 158
5 10 13 161 178 199
6 19 25 27 30 37 109 136 166 173 193
7 78 163 164
8 24 26 30 58 93 94 169 177
9 50 51 61 63 104 109 158 177 187
10
11 64 82 109 111 117 135 199
12 38 47 79 88 114 161 183
13 34 63 94 155 190
14 35 60 151
15 91 136 161 177 179 198
16 70 105 119 137
17 190
18 46 81 93
19 41 93 135 146 199
20 22 30 45 99 109 147
21 74 92 119 147 194
22 46 94 96 182
23 26 82 121 154 172 181
24 107 109 134
25 37 101 111 161
26 89 113 156 161 184
27 70 149 152 177
28 98 102
29 73 89 138 177
30 74 102
31 149
32 120 123 126 141
33 41 51 75 80 82 149 168
34 134 173 182
35 172
36 47 107 113 123 147 164 168
37 117
38 55 136 150
39 65 71 144
40 61 71 155 162 191
41 75 138
42 72 73 97 144 157 168
43 48 60 97 112 122 131 136 150 179 198
44 70 173
45 182
46 59 140 155
47 53 170
48 56 180 192
49 61 103 142 152 188 193 194
50 77 117 141 166 194
51 55 74 127
52 67 152
53 83 129 147 195
54 71 116
55 66 76 85
56 86 93 106 174 177
57 59 130 164
58 102 141 173 176 182
59 75 149
60 64
61 75 80 93 111 141 143 188
62 72 87 89 159
63 188 195
64 66 75 161 169 171
65 82 95 114 123 133 182
66 189 192
67 97 199
68 111 127
69 127 163
70 175
71 108 160
72 140 152 168 185 193
73 101 159
74 88 134 157 186
75 126 159 168 169 178
76 81 96 111
77 122 176
78 133 197
79 141 143
80 119 172
81 83 105 132 150 154 164
82 171 197
83 113 149 193
84 156 196
85 162 166 187
86 121 170 172
87 131 139 199
88 100 115 129 166
89 93 191
90 105 162
91 95 152
92 94 101 172
93 122 130 193
94 98 128 175 178
95 110 141
96 97 165
97 189 199
98 132
99 121 167 180
100
101
102 116 196 197
103 142 163
104 125 129 145 154
105
106 117 145
107 120 135 144
108 187
109 134 141 197
110 129
111 155
112 128
113 180 198
114 127
115
116 135
117 152
118 123 177 184 196 199
119 123 132
120 157 191
121 189
122 143 147 148 188 191
123 141 176
124 173 180
125 163
126 145 146
127 165
128 145
129
130 135
131
132 181
133
134 161 169
135 145
136 178 193
137 146 171 183 197
138 186
139 151 190
140 170 184 188
141 163 195
142 191
143
144 153 177
145 151 185
146 147 174
147
148 171
149 173 197
150 151
151 161 192 199
152 160 197
153 158
154 163 166
155
156 181
157 197
158 173
159
160 165
161 188
162 174
163
164
165 171 180
166
167 187 191
168
169
170
171
172
173 180
174
175 190
176
177
178
179 182
180
181
182
183
184
185
186
187
188
189 195
190
191
192
193
194
195
196
197
198
199
