#create_graphs.py
# GMT Thu May 11 11:11:52 2023
# 
0 56 62 80 97 129 146 187
1 17 70 107 112 133
2 86 119
3 73 92 98 110 184 195
4 62
5 12 88 132 173 192
6 15 32 46 175 185
7 11 17 18 63 86 102 195
8 37 44 49 96 131 146 162 183
9 90 111 153 181 196
10 44 45 51 118 157 161 194
11 38 39 156 167
12 102 138 190 191
13 26 92 122 183 186
14 57 71 117 146 173
15 18 54 60 96 107 181 194
16 67 76 102
17 119 125 149 151 164 168 170 173
18 182
19 73 108 151 185
20 45
21 60 64 93 111 134 167 178
22 101 197
23 35 52 62 65 168
24 43 65 76 96 141
25 143 151
26 71 84 85 97 144 153
27 71 145
28 32 35 55 96 99 106 118 125 150 171 191
29 62 149 186 197
30 78 95 115 191
31 48 58 109 168 194
32 60 113 128 160 163 199
33 42 62 108 150 190 195
34 53 67 150
35 40 41 72 104 158
36 62 81 109 141 145
37 110 151 156
38 92 99 133 134 146 150
39 58 127 145 168
40 108 148 167
41 52 157 173
42 125 168 183
43 54 57 108 131 137
44 69 174 182 184
45 81 129
46 62 76 119 132 172
47 75 108 144 198
48 97 158 162
49 50 78 87 169 199
50 62 68 70 112 116
51 115 181
52 57 172 174 175 176
53 84 105 122 171 183
54 64 169
55 126 127
56 64 109 111 137 165 185
57 88 164
58 78 88 100
59 72 98 178
60 173
61 64 93 131 150 197 198
62 171 194
63 69 72 75 82 109 127 168 178
64 78 120 140 146 193 198
65 104 123 169
66 111 156
67 71 86 93 104 143 195
68 69 72 77 100 112
69 155
70 88 167 188
71 160
72 78 97 122 126 185
73 154
74 89 97 117 118 166 188
75 130 189
76 131
77 114 176 185
78 134
79 80 102 139 164 184
80 104 113
81 128
82 98 110 152
83 132
84 85 88 94 127 141 158 174 191
85 140 191
86 123 141 181 188
87 92 100 197
88 161
89 108 116 161
90 129 135 178 186 196
91 199
92 114 117
93 110 136 148 167 194
94 165 188
95 106 129 143
96 97 110 122 129 139 147 173
97 132 163 175 190
98 110 116 119 139 161 199
99 122 135 138 181
100 138
101 149 176
102 138 186
103 118 146 168
104 194 198
105 149 157
106 158
107 127 134 171 173 185
108 133 165 182 199
109 183 190
110
111 126
112 131 132 139 185 189
113 135 180
114
115 162 184
116 138 172 190
117 125 142 153 177 187
118 182 191 195
119 128 140 179
120 191
121 161 162 166
122 158
123 139 183
124 154
125 149 151
126 170
127 128 146 166
128 190
129 187
130 147 160 187
131
132 172 178 194
133
134
135 142 198
136 152
137 163
138 165 185
139 190 196
140 157
141 161
142 161 171
143
144 180
145
146
147 156
148
149 150
150
151 171
152 177 189
153 158 191
154
155 164 171 191
156 181
157
158 171
159 198
160
161 190
162 170 196
163
164 171
165 176
166 182
167
168 179
169
170 173 184
171
172 188
173 187
174
175 177 179 199
176 192
177 189
178
179
180 197
181
182
183 184
184
185
186 195
187 195
188 189 191
189
190
191
192
193 199
194
195
196
197
198
199
