#create_graphs.py
# GMT Thu May 11 11:11:52 2023
# 
0 57 117 151
1 9 83 161 172 193
2 13 63 70 78
3 21 22 84
4 56 117 173 174 182
5 27 51 96 165
6 23 98 122
7 10 29 149 155 161 173
8 15 62 123 190 191
9 58 62 103 169
10 12 76 94 101
11 18 41 61 76 113 149
12 28 42 49 67 79 188
13 24 27 40 63 76 94 111 140 145 163 182
14 63 64 85 113 155 160 174
15 46 61 105 119 133 175
16 29 51 82 101 155 175 177
17 38 101 116 121 166 175
18 46 104 150 159 188
19 69 83 104 160 179
20 46 65 66 118 199
21 25 51 60 90 92 175
22 33 70 115 176 180
23 137 163 164
24 29 72 104
25 98 144 177
26 60 74 107 117 129 148
27 76 92 94 104 161 198
28 32 89 122 170
29 35 128 139
30 38 152
31 98 113 130 139
32 54 118 171
33 47 92 160 166
34 43 47 66 154 197
35 73 76 77 157 158
36 57 104 164
37 74 102 118
38
39 128 139 192
40 76 143
41 73 159 183
42 96 121 155 169 179 188 192
43 77 81 94 103 124 147 152 179
44 70 93 98 121 130 136
45 70 71 88 147
46
47 151
48 93 147 183 188 189
49 55 96
50 57 100 126 136
51 97 115 132
52 67 130 136 146 152 171
53 62 79 106 116 119 144 171 176
54 73 134 181
55 62 100 111 123 132 151 160
56 59 95 121 131 142 171 177 181
57 86 87 190
58 129
59 60 89 101 104 136 138
60 76 131 150 168 175
61 145 149 151 154 183 187
62 143 159 198 199
63 90 106 193
64 194 198
65 123 141 155 168
66 96 106 145 152
67 140 145
68 143 171 193
69 79 164 192
70 98 104 119 146 157 187
71 84 97 100 126
72 83 148 178
73 93 118 128
74 108 154 161 167
75 110 117
76 135 161 192
77 128 169
78 115
79 110 144 161 194
80 141 194
81 126 140 170 171
82 90 171 176
83 118 184 199
84 141 197
85 172 188
86 159 195
87 90 118 173
88 93 125 144 194
89 107 147 150 165 172
90 115 140 150 164 176
91 104 129
92 113 157
93 108 119 192
94 137 148
95 114 157 164 165 179
96 136 183
97 101 152 172
98 136 182 183
99 100 117 132 138 186
100 126 144
101 154 163
102 166
103 158 178 185
104 131 150
105 162
106
107 164
108 113 146 154
109 160
110 125 185
111 115 153 164 166 184 191
112 118 163 188 194
113 155 157 169
114 172 173
115 128 135 183
116 149 167 174 183 197
117 121 125 182 188 191
118 119 150 162 189
119 152
120 137 183
121 176
122 168 175
123 163 167
124 192
125
126 131
127 133 138 166 172 176
128 149 156 196
129 168
130 134 135 158 161 178 190
131 156
132 134 161 180
133 196
134 157 183 192
135 195
136
137 147
138 145 147 188
139 158
140 152 186 189
141 198
142 160
143 150 177 183
144 167
145 179
146 167
147
148
149 189
150
151
152 156 162 189
153 194
154 193
155 175
156 161
157
158
159
160
161 177 189
162 164 187 188
163 170 176
164 196
165 189 194
166
167 195
168 195
169 170 181
170
171
172
173
174 182 190
175 176 177
176
177 185
178
179
180
181
182 199
183 192
184 192
185
186
187
188 189
189
190
191
192
193 197
194
195
196 197
197
198
199
