#create_graphs.py
# GMT Thu May 11 11:11:53 2023
# 
0 20 26 102 181 192 194
1 13 39 61 77 150
2 29 65 76 107 181 199
3 19 39 65
4 8 195
5 14 17 36 116
6 30 33 41 65 71 107 119 131 132 163 175 188
7 14 51 74 117 183
8 11 21 32 141
9 13 46 56 67 93 164
10 55 99 106 141 154 165
11 23 70 110 156
12 31 47 156
13 40 43 70 88 124 136 197
14 92 136
15 68 69 119 181 184
16 55 91 103 106 128 148 168 185 186
17 37 47 91 175 192
18 124
19 109 113
20 124 154 166 190
21 48 54 83 84 90 105 127 170
22 34 94 137 142 176
23 76 139 140 149
24 36 55 59
25 78 177 189 190
26 95 128 189
27 39 82 85 117 123
28 61 100 137 152 188 191
29 35 72 96 108 119 167 192
30 34 74 133 138 169 173 175
31 33 38 62 71 76 147 151 159 183 185
32 89 133 155 182 189
33 49 111 154 162 184 195
34 62 89 92 172
35 54 95 115 119 188
36 39 120 166 167 181
37 74 103 106 114 119 120 185
38 74 110 127 180 191 196
39 88 125 187
40 65 79 92 144 170
41 136 142 176
42 61 138 150 192 197
43 53 78 122 132 143 152 199
44 191
45 55 59 73 100 101 107 124 134
46 49 69 74 85 107 150 188 199
47 56 114 135
48 111 115 122 183 196
49 84 89 186 193
50 80 86 135 142 183
51 144 151 156
52 75 110 166
53 74 104 131 178 181
54 57 101 151
55 72 75 82 103 106 175 177
56 108 156
57 91 99 110 117 144 156 159 174 183 195
58 120 160 189
59 92 117 120 180
60 68 110 115 119 168
61 109 145 159 167
62 74 106 154 189
63 64 70 171
64 89 92 180 187
65 78 127 179 182
66 124 128 129 134 168
67 70 133 183
68 76 82 88 121 185
69 92 133 169 196
70 79 95 134 137 183
71 90 95 177
72 82 154
73 148
74 104 162 166 174 187
75 169
76 184 186
77 93 169
78 118 129 197
79 103 114 154 163
80 128 137 173 190
81 125 134 184 196 198
82 109 160 167 185 191 198
83 156 176
84 106 178
85 91 100 156 190 197
86 94 113 150 169
87 102 157 193
88 97 198 199
89 100 154 180 182 193
90 109 129 142 177
91 131 141
92 100 108 133 137 171 181 193
93 102 120 143 162
94 162 193
95 102 104 126 139 155 156 191
96 114 132 135 141 145 189 197
97 145 172
98 140 151
99 152
100 113 124 166 177 180 189
101 117 145 151 195
102 106 160 163
103 146 156 181
104 134 144
105 119 147 172 177
106 107 109 135 158 177
107 120 153
108 139
109 119 129 143
110 116 117 129 142 190
111 135 156 158
112 148 149 166 195
113
114 127 169
115 153 166 171
116 117 134 188 189
117 135 154 183
118 134 154 162
119 128 132 161
120 174 175 190 196
121 150 156 190
122 149 177
123 132 138 160
124
125 128 147 150 165 190
126 166 186
127 158
128 189 192
129 151
130 138 152
131
132 172 185
133 199
134 146 164
135 136 153 179
136 182 193 196
137 140 162
138 169
139
140
141 153
142 162 163
143 153 166
144
145 170 183
146 199
147 160 172
148
149 152 192
150 190
151 175
152
153 184 186 187
154
155 189
156 164 169
157 170
158
159 184
160 176 186 192
161 163
162 189
163 175
164
165 186
166
167 198
168 180 199
169
170 172
171 175 182
172 182
173 179 196
174 175
175
176 184
177
178 190
179 192
180 181
181
182
183 197
184 194
185 189
186
187
188
189
190 199
191
192
193
194
195
196
197
198
199
