#create_graphs.py
# GMT Thu May 11 11:11:52 2023
# 
0 29 73 137 145 157 176
1 43 90 98 151 165
2 39 54 63 72 122 176
3 35 61 64 74 80 92 95 101 144 148 163 191
4 45 53 84 121 128 161
5 8 48 66 87 103
6 8 104 150 191
7 9 37 41 47 93 98 107 171 188
8 22 36 111
9 40 55 125 139 158
10 111 122 168
11 29 43 59 193 197
12 70 150
13 37 41 71 78 82 126 191
14 56 88 94 187 192
15 124 131
16 111 131 147 154 194
17 27 34 41 62 89 109 126 138 148 165 187 189
18 26 121 174
19 61 139
20 40 48 106 123 150 170 181 197
21 58 135 168
22 29 53 95 168 174 184
23 33 68 76 95
24 33 46 58 93 161 184
25 67 97 196
26 39 49 100 104 118 121 141 161 173
27 53 78 121 159
28 36 73 93 139 157
29 46 54 108 128 158
30 41 47 56 157 187 188
31 86 87 156
32 90 118 135
33 47 106 162 184 196
34 68 93 123 177
35 99 109 113 130 197
36 41 78 94 103 124 136 148
37 45 47 67 68 111 130 137
38 73 110 155 186 189
39 40 128
40 119
41 43 62 126 165 185 190
42 82 89 91
43 93 107 165 186
44 78 122 140 157 175
45 83 131
46 86 91 126 151 182
47 49 52 81 99
48 76 165 173 197
49 64 89 97 111 116 138
50 67 95 102 150 174 185
51 88
52 55 72 100 103 121 164 185
53 70 116 136 183 194
54 93 107 114 133 157 162
55 64 112 126
56 103 167 187 196
57 86 147
58 72 85 123
59 62 93 122 153
60 83 117 125 130 161 171 172
61 85 103 116
62 96 164
63 90 105 129 177
64 148
65 91 92
66 117 173 195
67 80 90 92 100 159
68 126 129 137 144 199
69 81 91 112 122 129 135 154 155
70 76 101 137 166 193
71 90 107 115 169
72 81 97 178
73 99 118 131 161 168
74 142
75 178
76 107 108 124 127 187
77 104 138 155
78 94 181
79 88 177 188
80 91
81 110
82 102 132 156
83 129 131 139 179 191 195
84 86 90 95 112 119 189
85 134 178 192 199
86 110
87 98 163
88 172
89 112 132 175
90 105 115 152 159 169
91 94 112 145
92 93 137 142 145 179 193
93 118 185 199
94 115 123
95 108 133 192
96 163 180
97 133 144 193
98 119 130 135 142 152 167
99 144
100 163
101 122 125 159
102 103 105 165 187
103 124 189
104 163 184
105 153 192
106 120 138 153 187 195
107 134 142
108 113 114 120
109
110 117 136 180
111 122 136 137 159 180
112 135 153 186
113 171
114 157
115 118 152 163 179 187
116 122 132 193
117 133 147 163
118 122 128 169 182 189
119 120 138 139 169 183
120 175
121 124 125 149 159 165 175 195
122 171 199
123 163
124
125 127 142 194
126 135
127 133
128
129 154
130 131 182
131 149 163 190
132 138
133 144 153 166 169 199
134 145 154 158 166
135 157 190 191
136 159
137 138 199
138
139 156 170
140 150
141
142 193
143 149 156 161
144 153
145 168 193
146 166
147
148 162 192
149 157 194
150 178
151 159
152 181
153 162
154 192
155
156 194
157 170
158 159
159 163 192
160 188
161
162 194
163
164
165
166
167
168
169
170 187
171 187
172
173
174
175 176
176
177 185
178
179
180
181 192
182 189
183 185
184
185
186
187 189 195
188 191
189
190 192
191
192 198
193
194
195
196
197
198
199
