#create_graphs.py
# GMT Thu May 11 11:11:52 2023
# 
0 136 143 158 199
1 10 22 25 80 153 180
2 20 70 78 106 191
3 83 169 174 194
4 27 64 193
5 7 38 108 150 153 189
6 7 39 54 55 57 129 140
7 18 19 23 57 85 93 95 98 109 125 153 180
8 10 18 85 105 112 120 151 175 180 183
9 25 35 63 65 92 134 138 142 174 188
10 19 28 31 55 95 131 143 146 196
11 66
12 87 140 184 194
13 57 78 97 123 133 144 154
14 31
15 66 99 122
16 49 64 86 113 117 142 193
17 20 21 26 33 80 88 110 159
18 90 96 179
19 78 104 180
20 85 105 163 169 185 187
21 26 79 118 188
22 39 53 55 108 146
23 31 95 139 141 144
24 48 76 98 119 122
25 94 132 147
26 41 69 105 160 195
27 36 38 85 99 112 117 147 173
28 46 56 62 110 118 140 156 162
29 31 53 96
30 32 37 45 59 71 107 150
31 41 138 165 198
32 125
33 75 80 94 115 139 193
34 73 132 151 165 176 186 197
35 43 122 138 139 146 193
36 37 38 96 123 150 163
37 46 74 77 97 120 130 137 152 158
38 75 86 146 185
39 134 141 188
40 144 162 174
41 51 142 166 185
42 48 59 87 151 162 169
43 48 96 104 134 146 188
44 49 71 77 96 154 162
45 82 127 160 171 184
46 61 67 99 117 125 136 161 164 190
47 49 68 116
48 92 101 128 150 156 168 169
49 67 72 117 130 135 147 188 198
50 101 172 174
51 52 75 158
52 58 119 147 148 162 183
53 101 112 195
54 198
55 96 117 129 146 157
56 90 139 156
57 104 135 147
58 159
59 84 88 99 132 165 169 175 179 191
60 126 170 195
61 97
62 175 191 193
63 64 99 101 102 104 107 190
64 85 102
65 69 103 154
66 81 161 172 184
67 108 149
68 84 87 143
69 185 187
70 92 120 153 168
71 156
72 77 134 165
73 94 110 117 132 137 148 149 172
74 99 162 167 187
75 152 171
76 158 160
77 85 111 167
78 87
79 117 177
80 97 122 190
81 173 177
82 125 143
83 93 154 158 164 165 168
84 126 146
85 87 94 97 184
86 98 102 156 196
87 102
88 101 157 168 188 198
89 124
90
91 93 97 179
92 99 137 149 156
93 112 134 144 149 167
94 121 147 163
95 105 138 172
96 103 190
97
98
99 129
100 120 134 185
101 125 151 193
102 161 171
103 124 164 181
104 121 161 185
105 172
106 124 192
107
108 141
109 111 116 155 162 179
110 171
111 178
112 172 181
113 188
114 159 177
115 139 190
116 142
117
118 151 196 198
119 126 143 145 148 186
120 158
121 126 145 152 166
122 162 193
123 145
124 176 182 184
125 175 190 194
126
127 194 199
128 193
129 141 181
130
131 153 170 195
132 153
133 151 189
134 176
135 146 160 175
136
137 141 185 194
138 149 169 195
139
140
141 156 192
142
143 158
144 145 156 178 190
145 153 156 159
146
147
148 164 192
149 156 178 188
150 185
151
152
153 198
154 160 169
155
156 166
157 176 182 185
158 167
159 173
160
161 167 192
162 163 192 196
163
164 175
165 176
166 199
167 181
168 195
169
170
171
172
173
174
175 176
176
177
178 184 197
179
180 196
181
182 196
183
184
185
186
187
188
189
190 197
191
192
193
194
195
196
197
198
199
