#create_graphs.py
# GMT Thu May 11 11:11:52 2023
# 
0 51 93 110 128 129 141 169 170
1 37 75 85 148 185
2 27 28 58 103 104 108 147 172
3 16 58 97 100 142 150
4 17 31 87 88 154
5 25 65 76 95 108
6 57 62 67 153
7 30 64 178
8 19 57 102 126 147 153 165 190
9 19 32 38 59 63 88 89 125 160
10 20 28 33 41 53 71 112 180 186
11 13 32 58 65 98 124
12 34 46 103 153 188 192
13 38 90 106 195
14 65 131 157 165
15 26
16 29 106 109 154 176
17 61 64
18 56 57 78 191 192
19 35 87 96 138 139 149 188
20 27 61 117 142 147 149
21 34 71 107 171 172 175
22 101 133
23 29 31 66 110 198
24 60 64 79 91 118 169
25 38 40 111 152 162
26 51 66 102 136 148
27 28 39 81 110 140 189 192
28 29 62 81 100 144 149
29 145 153 161
30 86 135 152
31 105 160 196
32 63 157
33 37 40 43 52 58 128 134 140 183 188
34 70 83 116 155 165
35 44 61 105 148 154
36 123 130
37 58 80 97 140 143 148 185
38 102 148 152 153
39 60 70 77 78 114 185
40 51 88 134 144 168
41 66 135 149
42 64 76 117 131 165
43 69 76 79 87
44 90 98 120 149 183
45 73 109 149
46 54 101 119 171
47 57
48 51 78 107 112 162 164 167
49 111
50 78 84 90 98
51 55 107 112 122
52 69 82 85 185
53 95 108
54 91 124 149 164 176 182 186 190
55 63 125
56 91 124 145
57 65 106 116 127 183 195
58 75 82 113
59 87 199
60 78 97 133 161 179 194
61 65 89 98 178
62 94 111 188 190
63 67 149
64 85 89 161
65 103 184
66 69 98 139 151 154 178
67 85 126 191
68 99 148
69 97 127
70 77 132
71 83
72 124 148 190
73 103 154 155 169 175 183
74 93 122 168
75 157 161
76 140 168 199
77 94 129
78 92 139 148 174
79 118
80 121 130 178 186
81
82 93 159 173
83 133 175
84 195
85 107 134 194 197
86 109
87 128 150 180 195
88 131 171
89 112 133 174 184
90 104 126 134 159 179
91 99 126 128 168 183
92 128 131 153 192 196
93 141
94 98 153 172 175 181
95 107 118 130 135
96 106 129
97 172 180
98 123 152 184
99 103 152 177 179
100 122 125 130 152 167
101 104 161
102 150 169
103 117 124 167
104 123 190
105 132 150 152 173 179
106 114
107 138 141 162 165 173
108 116 196
109 120 168
110 116 120 132 138 165
111 140
112 126
113 129 154 161 163 175
114 148 149 196
115 168
116 118 121 159
117 141 172
118 125 136
119 147 157 166
120 175 198
121 147 167
122 132 156
123 150 153 171 174 192
124 172 185
125
126 179 196
127 140 144
128 186
129 141 149 155 173 188 198
130 137 142
131 194
132 153 161 162 187 196 197
133 163 165 177
134 139
135 196
136 143 158 159 187
137
138 182 196
139 199
140 172
141 145
142 143 179
143 157 165 168 177 179 187
144 149 198
145 196
146 150
147 175 180 191
148
149 162 192 194
150 192
151
152 159 167 194 195
153 170 178 199
154 160
155 157 181
156 195
157 178 192 195
158 189 190
159 195
160 171
161 196
162 173 193
163 187
164
165 191
166 171
167 174 195
168 197
169 185
170
171
172 177
173
174
175
176
177
178
179
180
181
182 187 188
183 192
184
185
186 190
187
188
189
190
191
192
193
194
195
196
197
198
199
