#create_graphs.py
# GMT Thu May 11 11:11:52 2023
# 
0 4 19 152
1 37 164 175
2 105 130 153 196
3 67 74 100 131
4 10 22 41 80
5 111 121 129 131 166 180
6 28 74 105 124 141 150 167
7 10 26 35 69 118
8 169
9 97 103 127 137 165 171 175
10 30 57 102 118 151 182
11 17 67 77 97 106 109 123 133 155 184
12 101 111 148 163
13 37 94 100 101 170 185 188
14 54 59 115 167 172 198
15 26 81 151
16 61 86 181 186 188
17 18 50 75 95 144
18 48 116 178 181
19 64 96 155 162 180
20 53 63 126 198
21 98 150
22 24 27 32 58 97 116 118 153 177
23 36 55 84 103 134 173 176 189 192 193
24 99 169 191
25 27 38 60 61
26 30 36 44 72 107 119
27 66 130 161
28 45 55 75 88 122 130 196
29 30 32 36 42 54 56 89 91 133 135 144 149 165 199
30 41 84 129
31 50 52 59 61 78 87 90 116 172 199
32 58 84 182 186
33 73 77 101 122 132 145
34 82 111 135 142 157 181
35 42 50 59 71 73 84 93 122 123 178 189 197
36 82 96 122 137 171 188 191
37 42 49 63 70 82 114 131 147 169 185
38 60
39 67 95
40 49 85
41 58 89 169 170 198
42 90 113 116 145 153 167 182
43 75 118 132 180 186
44 69 80 124 141 156 181
45 110 120 191
46 89
47 48 57 153 194
48 61 86 153 157
49 58 72 136 154 184 193 194
50 56 146 176 194
51 68 175
52 56 59
53 60 80 118 129 147 183
54 111 140 155 160
55 71 80 157 198
56 82 116 119 122 196
57 64
58 90 91 146 190
59 144
60 61 112 155 181 190
61 75 88 126 128 165 190
62 161 185
63 87 121 165 179 187 198
64 136 143 145 194
65 78 89 103 137 159 193
66 83 107 118 127 137
67 75 77 110 113 135 141 163 197
68 134 141 149 152 169 176
69 141 164 172 185
70 88 111 121 127 154 166
71 76 109 160
72 95
73 82 129 131 173
74 95 137 180 185
75 98
76 81 95
77 83 124 140 156 185
78 81 172 184
79 91 99 105 122 158
80 133 164 182
81 99 103
82 118 127 189
83 90 116 182
84 85 108 128 198
85 98 99 135
86 90 115 141 169 188
87 90 113 162 198
88 101 131 146
89 187 194
90 91 125 140 181
91 104
92 95 144 165
93 97 139 173 190 195
94 141 175 176 192
95
96 152 156 198
97 123 138 180
98 107 152 197
99 117 189
100
101 154 161 176 188
102
103 111 129 156
104 122 141 182 196
105 157
106 109 110 138
107 121 162 173
108 110
109 134 151 161 188
110 125 130 137 195
111 119 155 164 191 199
112 121 125 147 151 162 180 183
113 177 190
114 167
115 146 150 181
116
117 158 177 197
118 141 157 170
119 161
120 160 168
121 136 155 167
122 148 177 180 186 193
123
124 128 156
125 154 173
126 140 152
127 140
128 154 160
129 163
130 169 188 194
131 145
132 170
133 173 188
134 152 158 191
135 185
136 156
137 147 176 180
138 194
139 168 171
140
141 155 170
142 196
143 195
144
145 148
146
147 198
148 157 178 184
149 164 187
150
151 163 183
152 160
153 161 166
154 173
155 175
156 162 184
157 197
158 189 197
159
160 187
161 194
162
163 172 180 188
164 177 196
165
166 167 169
167
168
169 173 191
170 190
171 193
172
173 184
174 192 194
175 177
176 187
177 181
178
179 196
180 181
181 185 192
182
183 190
184
185 189 196
186
187
188
189
190 195
191
192
193
194
195
196
197
198
199
