#create_graphs.py
# GMT Thu May 11 11:11:52 2023
# 
0 23 169 190
1 16 30 125 129 137 139 163 176
2 32 43 114 173 199
3 42 86 112 138 146 176
4 42 60
5 30 165 187
6 18 82 108 148 176 192
7 154 157 163
8 11 24 32 39 53 65 133 197
9 23 179
10 11 66 198
11 63 103 133
12 69 127
13 19 54 70 198
14 47 52 63 131 138 163 195
15 53 99 114 156 171 177
16 22 58 114 115
17 21 33 48 55 160 183 194
18 19 20 89 108 122 183 184
19 32 50 69 87 105 112 115 121 174
20 97 106 126 138 165
21 23 121 139
22 26 37 50 58 126 130 131 147
23 44 71 136
24 98 116 123
25 69 86 162
26 61 86 131 153 178 188 190
27 42 44 79 95 106 137 138 184 199
28 136 142
29 38 88 142
30 64 107 115 151 160 169 189
31 50 81 159
32 87 101 107 145 148 155 167 186
33 46 67 84 100 118 182
34 114 132
35 96
36 59 178
37 49 53 79 165
38 53 103 126
39 59 94
40 41 65 72
41 83 141 144 163 165
42 97 113 133
43 47 88 111
44 137 149
45 120
46 53 59 93 112 115 138
47 67 83 117 139 189
48 131 137
49 51 71 137 146 151 170 186
50 74 109
51 74 89 117 144 152 182
52 61 68 100 186 196
53 67 132 160
54 131 174
55 64 142 194
56 154 187
57 78 103 131 158
58 82 93 105 108 117
59 115 126 128 170
60 64 92 103 162 183
61 111 130
62 105 114 199
63 64 90 108
64 92 129 132 162
65 93 102 120 122 137 144 156 158 198
66 83 110 113 142 158 178
67 74 88 148 150 199
68 75
69 110 128 164 168 169
70 100 109 163
71 82 86 100 151
72 154
73 101 108 110
74 93 123 128 139 180 185
75 77 79 100 142 185
76 86 102 112 167
77 100 148 163
78 128 151 196
79 105 121 147 173 193 198
80 102 112 116 119 124 152
81 118 155 172 199
82 159 166 176
83 128 135 188
84 167
85 141 190
86 105 126
87 191 198
88 108 111 162
89
90 116 135 148 194
91 166 167
92 100 107 119 125 188
93 96 124
94 175
95 144 158 167 180 181 184
96 116
97 110
98 123 188
99 101 150
100
101 179
102 123 139
103 136 168
104 112 142 191
105 116 133 158 195 196
106 109 137 139 154 176
107 134
108
109
110 131 143 148 152
111 170 195
112
113 116 133 167 177 198
114 128 137 198
115 175
116 134 197 199
117 122
118 135 147 168
119 133 154
120 155 187 196
121 123 150 198
122
123 144 156 166
124 145 162 165 199
125 187
126 149 186
127 129 149 157 183
128
129
130 175
131
132 143 145 160
133 176
134 176 181 198
135 142 160 180 194
136
137
138
139
140 164
141 143 175 192
142 151 178
143
144 177
145 147
146 152 184
147 160 165 173
148
149 160 170 188
150 194
151 172 181 183
152 169
153 169
154 160 166 167 174
155 188 189
156 166
157
158 192 197
159 168 176 180 186
160
161 196
162 163
163
164
165 170
166
167 193
168
169 187
170 180
171
172 181
173 182
174 189
175
176
177 183 197
178
179
180
181
182 193
183
184 185
185
186
187
188
189
190 194 198
191
192
193
194
195
196
197
198
199
