#create_graphs.py
# GMT Thu May 11 11:11:51 2023
# 
0 1 4 5 19 29 47
1 2 6 13 18 21 24 36 37 44 48
2 14 15 21 24 31 34
3 13 20 27 28 41 43 49
4 8 11 30 32 37 44
5 11 15 16 41 42 46
6 11 35 44 46
7 9 11 15 16 23 28 31 46 47
8 30 38
9 18 25 36 39 41 47
10 11 36 41
11 20 25 44
12 24 25 35 48
13 29 32 43
14 15 21 24 28 32 34
15 20 22 28 39 45
16 23 27 42
17 18 19 29 33 46
18 38
19 25 33
20 30 48
21 24 31 41
22 28
23 36
24 30 35 39 45
25 26 30 31 32
26 28 35
27 30 34 47
28 38 41
29 35 38
30 34 39 41
31 34 39
32 34 37 47
33 37 39 45
34 41 46
35 45
36 49
37
38 45 47
39 41
40 41
41
42
43 45 48
44
45
46 48
47 48
48 49
49
