#create_graphs.py
# GMT Thu May 11 11:11:51 2023
# 
0 10 15 24 37 39 48
1 30 38 48
2 19 22 29 30 44
3 8 14 15 24 41
4 13 22 26 33 38
5 8 12 15 21 26 27 34 43 44
6 25 27 29 30 35
7 16 42
8 17 18 24 42 43
9 10 16 19 47
10 11 32 36 42 47
11 15 16 34 47
12 45
13 18 20 27 40 46
14 19 42 47 48
15 36 44
16 17 18 27
17 18 30 36 42
18 27 28 32 35 45
19 24 28 36 45
20 22 25 33 42
21 26 43 48
22 24 47
23 35 44
24
25 33 49
26 30
27 39 41 47
28 36
29 30 37 39 43 49
30 41
31 33 34 41 45 49
32 40 44 49
33 35 42
34 38 39
35 40 45
36 37 48
37 42
38 39 42 43
39 48
40
41 44
42
43 44
44
45
46 48
47
48
49
