#create_graphs.py
# GMT Thu May 11 11:11:51 2023
# 
0 8
1 39 49
2 8 21 23 40 41 42 44
3 27 35 49
4 5 33
5 10 11 16 31 32 33 35 39 46 49
6 11 13 22 29 33 37 46
7 21 23 25 26 36 47
8 14 19 30 47
9 10 12 19 38 42 48 49
10 19 34 37
11 16 27
12 15 20 43
13 31 41
14 17 18 24 29 41
15 16
16 20 27 31 36 38
17 30 42
18 20 26 42 46
19 31 36 39 48
20 30
21 24 30 38 48
22 29
23 32 43
24 31 32 33 34 35 38 39 45
25
26 29 37 47
27 34 39 48
28 29 33 40
29 33 37 41
30 44 46
31 33 43 44 46 47
32 38 40
33
34 40 44
35 40 41 45
36 45
37 43 48
38 39 43
39 41 46 49
40 47 48
41
42
43
44
45 48
46
47
48
49
