#create_graphs.py
# GMT Thu May 11 11:11:51 2023
# 
0 4 13 32 49
1 20 22 24 37 41
2 27 44 49
3 5 6 14 24 32 35 45
4 6 7 12 18 23 33
5 49
6 11
7 34 46
8 37
9 13 24
10 16 23
11 23 34 36 37 49
12 17 18 19 20 44
13 22 28 30 34 48
14 25 29 33 49
15 18 27 41 43 44
16 18 19 23 31 46 48
17 28 32
18 34
19 26 27
20 41 45
21 25 30 32 37 46
22 23 34 38 42
23 31 32 42 48
24 27 41 44 49
25 37 46
26 31
27 29 32 43 46
28 29 42
29 42 43
30
31 39
32 37 38 46
33 42 46
34 36 40
35 41 43
36
37 38
38 46
39 47
40
41
42
43
44 45
45
46
47
48
49
