#create_graphs.py
# GMT Thu May 11 11:11:51 2023
# 
0 11 15 32
1 5 34 37 45
2 9 16 17 23 41 42 49
3 12 14 24 36
4 11 24 33
5 17 18 19 28 33 36
6 9 11 12 19 20 43 49
7 8 9 30 31 33 47
8 18 21 30 45 46
9 11 14 16 38 42 49
10 12 27 28 29 37 49
11 29 47
12 14 30 36 40
13 22 28 37 43 47
14 28 36 41 46
15 20 26 27 29 31
16 22 27 34 42 44
17 18 26 32 41 48
18 20 21 36 38
19 30 34 40 45
20 37 43 49
21 23 28 40
22 47
23 33 45 46
24 36 39
25 26 37 40
26 35 36
27 40 41 44
28 29
29 41 42 46 48
30 38
31 36 37 41 43 48
32 40 41 43 48
33 35 37 41 43 47 48
34 45 48
35 39 45
36 37 42 45 49
37 46
38 46
39 40 43
40 45
41
42
43
44
45
46
47
48 49
49
