#create_graphs.py
# GMT Thu May 11 11:11:51 2023
# 
0 27 32 33 38 40 42 45
1 15 27 34
2 4 30
3 6 8 12 16 24 30 33 41 46
4 31 33 37 46 47
5 6 12 18 26 44
6 19 27 37 41 46 49
7 10 11 16 25
8 14 15 20 28 31 39 41 43 45
9 19 24 41 48
10 13 14 17 28 29
11 36 37
12 16 27 32
13 26 31 42 47
14 15 22 23 29 44 47 49
15 19 22 33
16 18 38 43 45 47 48 49
17 28
18 22 24
19 21 24 26 38
20 30 48
21 29 45
22 23 27 32 41 47
23 25 30
24 26 41 43
25 28 31 34 41 42 44 48
26 28 39 45
27 28 47
28 34 46 48
29 36 37 44 45
30 41
31 33 44 49
32 34
33 34 44
34 48
35 42
36
37
38
39
40
41 49
42 45
43
44
45 46 48
46
47
48
49
