#create_graphs.py
# GMT Thu May 11 11:11:51 2023
# 
0 4 18 20 21 38
1 11 14 22 26 29 31
2 9 11 32 36 40 44 45 49
3 10 27 34 37 41 47
4 8 25 43 48 49
5 23 33 34 44
6 11 17 33 36 39 42 44 45
7 12 17 31 41 44
8 10 20 21 43 46
9 17 18 21 32 43 45
10 21 22 25
11 14 30 31 33 46
12 19 22 28 36 48
13 15 21 22 26 28 37 39 42 43 45
14 23 24 48
15 24 37 42 46
16 17 41
17 26 29 45 48
18 31
19 35 42 47
20 44 48
21 40
22 31 37 39 40 46
23 33 36 40
24 33 36 45
25 36 46 47
26 30 31 47 49
27 34 39 40 42 43
28 39 45
29 37 47
30 35
31 36
32 40
33 39 42
34 37 40 48
35 42 46
36 41 42
37 49
38 48
39 41 43
40 45
41
42 44
43
44
45 48
46
47
48
49
