#create_graphs.py
# GMT Thu May 11 11:11:51 2023
# 
0 6 7 14 16 27 37 40 48 49
1 3 4 12 18 31
2 9 20 27 34 37 38 42
3 14 15 22 34 36 40
4 10 12 18 24 38 43
5 6 8 31 41 43
6 8
7 23
8 12 28 34
9 26 35 39
10 39 47 48
11 17 27
12 14 19 26 31 41
13 14 17 19 21 40
14 18 24 30 45
15 23 24 37 42
16 31 44
17 19 24 28 31 33 35 40
18 21 27 29 32 43 48
19 32 35 36 46
20 21 26 45 48
21 30 38 44
22 26 27 32 39
23
24 28 30 37 40 44
25 38 39 47
26 38 45
27 33 43 47
28 46 49
29
30 31 36
31 32
32
33 40
34 36 37 44
35 36 44 49
36 39 42
37
38
39 42
40 48
41 44 46 49
42
43
44
45 46
46
47 49
48 49
49
